7bc13e85-ec51-4ece-b19d-71998a26e8bd|main:
  ==: org.bukkit.Location
  world: Survival
  x: -520.5617913123506
  y: 79.0
  z: 895.4483731552339
  pitch: 66.95428
  yaw: 178.26398
